============================================================
StreamCause Causal Graph Analysis
IS: Oct–Nov 2025 (41 days)   OOS: Dec 2025 (22 days)
============================================================

IS-OOS stability (all entries):    r=0.9540
IS-OOS stability (off-diagonal):   r=0.9295

IS mean alpha (diagonal = self-excitation):
  AAPL    0.300  0.133  0.020  0.088  0.065  0.036  0.053  0.023  0.120  0.114  0.025  0.015  0.041  0.255  0.038  0.016  0.027
  AMGN    0.003  0.641  0.003  0.003  0.003  0.003  0.004  0.003  0.005  0.006  0.003  0.003  0.003  0.026  0.003  0.003  0.003
  AMZN    0.023  0.158  0.251  0.100  0.083  0.041  0.062  0.030  0.145  0.127  0.031  0.018  0.049  0.242  0.049  0.019  0.032
  COST    0.003  0.009  0.003  0.611  0.004  0.004  0.004  0.004  0.007  0.006  0.004  0.003  0.004  0.007  0.004  0.003  0.004
  CRM     0.004  0.016  0.004  0.006  0.551  0.004  0.005  0.004  0.011  0.010  0.004  0.004  0.005  0.010  0.005  0.004  0.004
  CSCO    0.007  0.029  0.007  0.016  0.011  0.425  0.011  0.007  0.025  0.014  0.007  0.006  0.010  0.033  0.009  0.006  0.007
  GILD    0.004  0.012  0.004  0.005  0.005  0.004  0.608  0.004  0.008  0.009  0.004  0.004  0.005  0.011  0.004  0.004  0.004
  INTC    0.010  0.054  0.010  0.039  0.022  0.015  0.019  0.335  0.040  0.040  0.012  0.009  0.019  0.060  0.014  0.009  0.012
  ISRG    0.003  0.006  0.003  0.004  0.003  0.003  0.004  0.003  0.631  0.004  0.003  0.003  0.003  0.005  0.003  0.003  0.003
  LCID    0.003  0.006  0.003  0.004  0.003  0.003  0.003  0.003  0.005  0.412  0.003  0.003  0.003  0.007  0.003  0.003  0.003
  MSFT    0.014  0.096  0.014  0.050  0.037  0.022  0.032  0.015  0.073  0.062  0.403  0.012  0.027  0.184  0.024  0.012  0.017
  NVDA    0.081  0.610  0.082  0.423  0.377  0.205  0.265  0.154  0.627  0.749  0.131  0.190  0.262  1.437  0.206  0.055  0.130
  PEP     0.005  0.011  0.005  0.008  0.006  0.005  0.007  0.005  0.012  0.008  0.005  0.005  0.482  0.013  0.006  0.005  0.005
  RXRX    0.003  0.005  0.003  0.003  0.003  0.003  0.003  0.003  0.005  0.005  0.003  0.003  0.003  0.330  0.003  0.003  0.003
  SBUX    0.005  0.012  0.005  0.008  0.006  0.005  0.006  0.005  0.011  0.009  0.005  0.005  0.006  0.014  0.501  0.005  0.005
  TSLA    0.037  0.333  0.035  0.228  0.183  0.088  0.137  0.057  0.331  0.406  0.055  0.029  0.105  0.807  0.104  0.281  0.065
  WMT     0.006  0.013  0.006  0.019  0.008  0.006  0.008  0.006  0.015  0.011  0.006  0.005  0.007  0.015  0.007  0.005  0.418

Per-instrument summary (sorted by Δ Hawkes-floor vs TOD Sharpe):
inst  self_IS  cross_in_IS  cross_out_IS  row_stability  col_stability  sh_Hfloor   sh_TOD  sh_Hfull  delta_floor_tod  delta_full_tod
CSCO 0.424546     0.204951      0.448930       0.999157       0.996285   0.699307 0.523039  0.514715         0.176268       -0.008324
AMGN 0.640657     0.076201      1.503364       0.999584       0.949091   0.476261 0.383885  0.466239         0.092376        0.082354
RXRX 0.330233     0.050930      3.125557       0.999979       0.915198   0.447447 0.384814  0.333934         0.062633       -0.050880
INTC 0.334612     0.385484      0.325051       0.992264       0.990586   0.614634 0.571160  0.451990         0.043474       -0.119170
 WMT 0.417516     0.143242      0.325371       0.997192       0.992268   0.644725 0.602186  0.576389         0.042538       -0.025797
LCID 0.411788     0.057846      1.581036       0.999961       0.949317   0.492853 0.456891  0.343653         0.035963       -0.113237
GILD 0.608205     0.091387      0.622627       0.999885       0.985828   0.491178 0.462594  0.352203         0.028584       -0.110391
SBUX 0.501174     0.110473      0.483144       0.999869       0.994437   0.500714 0.483479  0.408088         0.017235       -0.075391
ISRG 0.630811     0.056643      1.437808       0.999979       0.978581   0.488291 0.479228  0.362275         0.009063       -0.116953
AAPL 0.299648     1.069353      0.210392       0.977911       0.996909   0.550006 0.559972  0.560801        -0.009966        0.000829
MSFT 0.403489     0.692569      0.299800       0.934814       0.989596   0.474803 0.509286  0.476270        -0.034483       -0.033015
COST 0.611380     0.072455      1.006083       0.999466       0.991136   0.340436 0.411519  0.316849        -0.071083       -0.094670
NVDA 0.190254     5.795145      0.126280       0.942408       0.999891   0.626356 0.697930  0.408120        -0.071573       -0.289810
 CRM 0.550868     0.100556      0.820375       0.999752       0.986114   0.330779 0.403418  0.298314        -0.072639       -0.105104
 PEP 0.481536     0.109641      0.551529       0.999809       0.975483   0.417999 0.514432  0.392742        -0.096432       -0.121690
AMZN 0.251376     1.210423      0.204918       0.969386       0.995403   0.454545 0.620315  0.407605        -0.165770       -0.212711
TSLA 0.281354     2.999045      0.154081       0.969115       0.997906   0.512154 0.707354  0.494328        -0.195200       -0.213026

Top 20 causal edges by IS mean alpha:
source target  alpha_IS  alpha_OOS  abs_diff  rel_change
  RXRX   NVDA  1.437300   0.921968  0.515332   -0.358542
  RXRX   TSLA  0.806995   1.130732  0.323737    0.401164
  LCID   NVDA  0.748985   0.629280  0.119705   -0.159822
  ISRG   NVDA  0.626745   0.705891  0.079146    0.126280
  AMGN   NVDA  0.610375   0.324083  0.286292   -0.469043
  COST   NVDA  0.422950   0.376977  0.045973   -0.108697
  LCID   TSLA  0.406072   0.649253  0.243181    0.598862
   CRM   NVDA  0.377317   0.273656  0.103661   -0.274732
  AMGN   TSLA  0.332954   0.318842  0.014112   -0.042384
  ISRG   TSLA  0.330626   0.542951  0.212325    0.642191
  GILD   NVDA  0.264593   0.299666  0.035074    0.132557
   PEP   NVDA  0.262111   0.158566  0.103545   -0.395044
  RXRX   AAPL  0.255106   0.256695  0.001589    0.006230
  RXRX   AMZN  0.242238   0.255080  0.012841    0.053011
  COST   TSLA  0.227885   0.153508  0.074376   -0.326377
  SBUX   NVDA  0.206102   0.206332  0.000231    0.001120
  CSCO   NVDA  0.205164   0.185139  0.020024   -0.097602
  RXRX   MSFT  0.183975   0.222526  0.038552    0.209548
   CRM   TSLA  0.183264   0.219260  0.035996    0.196418
  AMGN   AMZN  0.158248   0.099337  0.058910   -0.372268